1111111111 1111111111 1111111111
0000000000 1000000001 0000000000
1111111000 1000000001 0000000000
1111111000 1000000001 0001111111
1111111000 1111110001 0001111111
0000011000 1111110000 0000000111
0000000000 0000000000 0000000000
0000000000 0000000000 0000000000
1111111111 1111111111 1111111111
0000000000 0000000000 0000000000
1110000000 0000000000 0000000111
0010000000 0000000000 0000000100
0010000000 0000000000 0000000100
0000000000 0000000000 0000000000
0000000000 0000000000 0000000000
0000000000 0000000000 0000000000
0000000000 0000000000 0000000000
0010000000 0000000000 0000000100
0010000000 0000000000 0000000100
1110000000 0000000000 0000000111
0000000000 0000000000 0000000000
1111111111 1111111111 1111111111
0000000000 1000000001 0000000000
1111111000 1000000001 0000000000
1111111000 1000000001 0001111111
1111111000 1111110001 0001111111
0000011000 1111110000 0000000111
0000000000 0000000000 0000000000
0000000000 0000000000 0000000000
1111111111 1111111111 1111111111