0000110000 0000000000 0000110000
0001111000 0000000000 0001111000
0011111100 0000000000 0011111100
0111111110 0000000000 0111111110
1111111111 0000000000 1111111111
0000000000 0000000000 0000000000
0000000000 0000000000 0000000000
0000000000 0000000000 0000000000
0000000000 0000000000 0000000000
0000000000 0000000000 0000000000
0000000000 0000000000 0000000000
0000000000 0000000000 0000000000
0000000000 0000000000 0000000000
0000000000 0000000000 0000000000
0000000000 0000000000 0000000000
0000000000 0000000000 0000000000
0000000000 0000000000 0000000000
0000000000 0000000000 0000000000
0000000000 0000000000 0000000000
0000000000 0000000000 0000000000
0000000000 0000000000 0000000000
0000000000 0000000000 0000000000
0000000000 0000000000 0000000000
0000000000 0000000000 0000000000
0000000000 0000000000 0000000000
1111111111 0000000000 1111111111
0111111110 0000000000 0111111110
0011111100 0000000000 0011111100
0001111000 0000000000 0001111000
0000110000 0000000000 0000110000
